88
19
26
207
-19
330
245
10
-57
127
-44
-176
151
-196
22
-198
169
-62
-43
284
-74
176
331
-48
-182
364
60
-138
-4
187
-87
143
369
-14
-112
352
-121
-55
310
279
116
-114
195
320
256
380
271
118
98
220
-8
-80
166
118
25
357
72
312
-74
-107
-184
138
373
31
20
17
91
-98
-63
336
304
-135
-122
-93
127
183
-140
314
364
-164
44
93
384
328
-46
213
55
-172
-93
66
-89
249
73
-127
-193
332
294
-93
48
345
-169
297
-137
265
87
54
-155
264
129
146
-36
305
3
337
322
336
-153
190
146
60
41
-59
-1
114
14
-158
-165
250
128
-182
318
70
169
-37
-85
239
293
2
176
114
-165
294
-192
138
190
-200
339
-199
-77
90
-107
153
64
